Evaluation Results
==================
MAE:  3.625183
MSE:  32.286980
RMSE: 5.682163
