Evaluation Results
==================
MAE:  2.159134
MSE:  10.815423
RMSE: 3.288681
