Evaluation Results
==================
MAE:  3.805554
MSE:  37.171219
RMSE: 6.096820
